Lunarlander seed 1 no double q

0	-465.2214966
10000	-536.8260498
20000	-624.0941162
30000	-211.9897919
40000	-109.5220108
50000	-112.4289551
60000	-95.47116852
70000	-42.59434509
80000	-48.8805542
90000	-42.09360123
100000	-51.21580124
110000	-49.51810455
120000	-132.3043671
130000	-130.926239
140000	-156.8652344
150000	-83.62012482
160000	-1.848971128
170000	-0.432731628
180000	-64.43106842
190000	59.19802094
200000	68.34955597
210000	99.58937073
220000	36.50938797
230000	116.7741318
240000	132.550293
250000	207.9112091
260000	178.4124451
270000	190.5802612
280000	250.1252441
290000	159.627121

Lunarlander seed 1 double q

0	-490.5231323
10000	-553.878418
20000	-561.291626
30000	-211.6496887
40000	-105.3733978
50000	-193.1028595
60000	-121.9540558
70000	-150.9027557
80000	-122.9531021
90000	-150.6258698
100000	-112.3323517
110000	-150.1520996
120000	-8.205477715
130000	-162.5038147
140000	82.22467041
150000	99.87767029
160000	105.9085693
170000	-67.36372375
180000	-7.871170044
190000	220.8877869
200000	178.3013306
210000	243.1584473
220000	140.4911499
230000	-47.35077667
240000	68.40568542
250000	-78.18747711
260000	147.5008545
270000	122.8384781
280000	103.3377686
290000	18.49479103

Lunarlander seed 2 no double q
0	-499.5128479
10000	-459.9715271
20000	-549.1240845
30000	-225.5274658
40000	-125.2882843
50000	-72.35012817
60000	-133.1907196
70000	-152.6067963
80000	-166.6833649
90000	-117.4033813
100000	-135.4369202
110000	-75.40248871
120000	-133.4617615
130000	26.41031265
140000	-56.37640381
150000	-90.21611023
160000	-126.5392303
170000	-141.5585938
180000	-80.15299988
190000	-203.5395508
200000	-63.03070831
210000	-183.9614563
220000	-127.1949692
230000	-141.3450317
240000	-102.0890274
250000	-58.26957321
260000	-142.5020599
270000	-25.30616379
280000	-27.49589539
290000	-12.62510777


Lunarlander seed 2 double q

0	-526.2921143
10000	-486.3849182
20000	-422.9376831
30000	-137.2800598
40000	-136.631073
50000	-123.4046021
60000	-183.7863464
70000	-80.9913559
80000	-64.72466278
90000	-204.5972137
100000	-73.34468079
110000	-192.4229126
120000	-64.34635925
130000	-101.1228409
140000	-91.06203461
150000	-21.10324287
160000	-54.25859451
170000	-81.39457703
180000	-99.67488861
190000	32.76844788
200000	179.1853943
210000	11.25706863
220000	-19.10740662
230000	22.06280899
240000	143.2464294
250000	180.0327454
260000	183.0334167
270000	189.7379913
280000	104.3763657
290000	18.22814369

Lunarlander seed 3 no double q

0	-185.7861633
10000	-216.7870636
20000	-340.2366028
30000	-300.2766724
40000	-178.585083
50000	-209.3946228
60000	-132.9764862
70000	-154.9309998
80000	-55.12371826
90000	-243.1989288
100000	-169.1347351
110000	-47.25663376
120000	-116.4980087
130000	-52.00130081
140000	-65.70916748
150000	-88.93611145
160000	-5.005408287
170000	-52.82079315
180000	-40.71444702
190000	127.6245956
200000	146.9001923
210000	66.90710449
220000	26.8987999
230000	-36.09806442
240000	124.9452133
250000	7.534211636
260000	33.46696091
270000	4.7984519
280000	40.35601044
290000	156.5967865




Lunarlander seed 3 double q

0	-142.4981842
10000	-195.5124969
20000	-290.8275146
30000	-211.5537415
40000	-125.7624512
50000	-172.7780151
60000	-126.7807846
70000	-149.3171387
80000	-33.32954025
90000	-171.6781311
100000	-95.21788788
110000	-85.17796326
120000	-90.57685852
130000	-64.40367126
140000	-94.00193787
150000	-27.30225563
160000	-47.50789261
170000	-34.98405457
180000	125.290184
190000	43.46426392
200000	2.676104069
210000	117.2724838
220000	-68.59153748
230000	90.57096863
240000	178.459671
250000	128.5876312
260000	193.7492676
270000	63.20845413
280000	43.76756668
290000	-92.80601501

pacman 

0	148
10000	135
20000	367
30000	433
40000	295
50000	262
60000	646
70000	795
80000	685
90000	864
100000	731
110000	458
120000	642
130000	725
140000	646
150000	591
160000	964
170000	953
180000	753
190000	672
200000	478
210000	723
220000	557
230000	425
240000	749
250000	683
260000	551
270000	772
280000	951
290000	712
300000	526
310000	722
320000	957
330000	869
340000	800
350000	763
360000	856
370000	970
380000	1017
390000	995
400000	1235
410000	1057
420000	1312
430000	1057
440000	1136
450000	976
460000	1221
470000	1146
480000	867
490000	1160
500000	1509
510000	1001
520000	1292
530000	1464
540000	1508
550000	1429
560000	1296
570000	2052
580000	1638
590000	1110
600000	1351
610000	1469
620000	1573
630000	1342
640000	1230
650000	1203
660000	1299
670000	1377
680000	1133
690000	1301
700000	1663
710000	748
720000	2055
730000	1695
740000	1395
750000	1976
760000	1343
770000	1369
780000	1462
790000	1620
800000	1285
810000	1494
820000	1128
830000	1206
840000	1977
850000	1598
860000	1016
870000	1704
880000	1412
890000	1386
900000	1438
910000	1861
920000	2633
930000	1214
940000	1436
950000	1177
960000	1996
970000	1214
980000	1244
990000	1634

inverse pendulum reinforce 1 sample

0	7.199999809
5000	5.699999809
10000	6.099999905
15000	72.5
20000	69
25000	175.5
30000	73.19999695
35000	75.80000305
40000	53.79999924
45000	679.5999756
50000	203.1999969
55000	150.1999969
60000	57.20000076
65000	1000
70000	941.2999878
75000	61
80000	1000
85000	919.4000244
90000	1000
95000	1000
100000	852.2000122
105000	143.3999939
110000	67.80000305
115000	58.59999847
120000	1000
125000	905.0999756
130000	974.7999878
135000	173.6000061
140000	1000
145000	182
150000	1000
155000	389
160000	222.3999939
165000	1000
170000	407
175000	253.1999969
180000	554.4000244
185000	590.4000244
190000	161.3000031
195000	242
200000	891.9000244
205000	429.6000061
210000	127.3000031
215000	1000
220000	1000
225000	168.8000031
230000	109.0999985
235000	93.09999847
240000	118.9000015
245000	317.7999878
250000	143
255000	73.30000305
260000	79
265000	164.3999939
270000	285.3999939
275000	1000
280000	1000
285000	1000
290000	585.4000244
295000	94.59999847


